1752637133983 1.0 0
1752637135153 2.0 1
1752637136315 3.0 2
1752637137504 4.0 3
1752637138684 5.0 4
1752637139830 6.0 5
1752637140957 7.0 6
1752637142101 8.0 7
1752637143239 9.0 8
1752637144400 10.0 9
1752637145551 11.0 10
1752637146696 12.0 11
1752637147889 13.0 12
1752637149054 14.0 13
1752637150188 15.0 14
1752637151320 16.0 15
1752637152449 17.0 16
1752637153595 18.0 17
1752637154723 19.0 18
1752637155871 20.0 19
1752637157029 21.0 20
1752637158234 22.0 21
1752637159495 23.0 22
1752637160855 24.0 23
1752637162136 25.0 24
1752637163444 26.0 25
1752637164717 27.0 26
1752637165984 28.0 27
1752637167250 29.0 28
1752637168547 30.0 29
1752637133983 1.0 0
