1752637133983 1.2082640072445812 0
1752637135153 1.044417517665973 1
1752637136315 0.9707167477274137 2
1752637137504 0.9118407758665673 3
1752637138684 0.8687948079266176 4
1752637139830 0.8213361033196311 5
1752637140957 0.7857932747636803 6
1752637142101 0.7619619519131664 7
1752637143239 0.7286749087243414 8
1752637144400 0.70493179461593 9
1752637145551 0.6694895666813163 10
1752637146696 0.6302368057117541 11
1752637147889 0.6188690539740731 12
1752637149054 0.5904028518700305 13
1752637150188 0.5546412552580421 14
1752637151320 0.5299852903733038 15
1752637152449 0.5010192266707558 16
1752637153595 0.47807185045240347 17
1752637154723 0.4527664960289198 18
1752637155871 0.4200020910781107 19
1752637157029 0.4058840827932083 20
1752637158234 0.418419009864085 21
1752637159495 0.4295550731965053 22
1752637160855 0.40227589734787805 23
1752637162136 0.41409389539755914 24
1752637163444 0.4386723590976417 25
1752637164717 0.4095042344228721 26
1752637165984 0.4057437260577708 27
1752637167250 0.3697030324136279 28
1752637168547 0.36328965333508856 29
1752637133983 1.2082640072445812 0
