1752637133983 0.4788277820810741 0
1752637135153 0.5546733798089336 1
1752637136315 0.5915956622773044 2
1752637137504 0.6192873741285825 3
1752637138684 0.6396849987090111 4
1752637139830 0.6562742060418281 5
1752637140957 0.6707332816937774 6
1752637142101 0.6834495223341079 7
1752637143239 0.6988768396591789 8
1752637144400 0.7133359153111283 9
1752637145551 0.7252775626129615 10
1752637146696 0.7390265943712884 11
1752637147889 0.7504518461141234 12
1752637149054 0.7629098889749548 13
1752637150188 0.7779499096307771 14
1752637151320 0.7878259746966176 15
1752637152449 0.8022205009036922 16
1752637153595 0.8092563903950426 17
1752637154723 0.8232636199328686 18
1752637155871 0.8346888716757036 19
1752637157029 0.8424348050606765 20
1752637158234 0.835140717789827 21
1752637159495 0.8273947844048541 22
1752637160855 0.8414665633875549 23
1752637162136 0.8408210689388071 24
1752637163444 0.8226181254841208 25
1752637164717 0.8412729150529306 26
1752637165984 0.8361089594629486 27
1752637167250 0.8548928479215079 28
1752637168547 0.8600568035114898 29
1752637133983 0.4788277820810741 0
